beat_id,day_unit_count,night_unit_count,day_night_crash_index

111,2609,365,7.1479452054794521
112,1986,310,6.4064516129032256
113,1320,189,6.9841269841269842
114,5119,1241,4.1248992747784046
121,2730,475,5.7473684210526317
122,5465,901,6.0654827968923417
123,3115,579,5.3799654576856648
124,2692,370,7.275675675675676
131,2990,567,5.2733686067019399
132,2729,701,3.8930099857346647
133,1121,259,4.3281853281853282
211,1111,346,3.2109826589595376
212,907,245,3.7020408163265306
213,962,265,3.6301886792452831
214,521,164,3.1768292682926829
215,744,210,3.5428571428571427
221,515,134,3.8432835820895521
222,1330,357,3.7254901960784315
223,772,152,5.0789473684210522
224,785,217,3.6175115207373274
225,984,309,3.1844660194174756
231,546,150,3.6400000000000001
232,453,182,2.4890109890109891
233,927,248,3.7379032258064515
234,1634,256,6.3828125
235,1079,208,5.1875
311,646,232,2.7844827586206895
312,1546,436,3.5458715596330275
313,689,194,3.5515463917525771
314,786,185,4.2486486486486488
321,1553,440,3.5295454545454548
322,1391,457,3.0437636761487963
323,1912,577,3.3136915077989602
324,1547,416,3.71875
331,2937,1137,2.5831134564643801
332,1438,495,2.9050505050505051
333,840,362,2.3204419889502761
334,1108,382,2.9005235602094239
411,2154,540,3.9888888888888889
412,2050,445,4.606741573033708
413,1762,397,4.4382871536523929
414,1237,384,3.2213541666666665
421,774,314,2.4649681528662422
422,327,128,2.5546875
423,1043,300,3.4766666666666666
424,619,133,4.6541353383458643
431,1392,299,4.655518394648829
432,1332,377,3.53315649867374
433,812,265,3.0641509433962266
434,771,323,2.3869969040247678
511,2198,511,4.3013698630136989
512,790,293,2.696245733788396
513,1038,245,4.2367346938775512
522,431,152,2.8355263157894739
523,875,283,3.0918727915194348
524,1039,273,3.8058608058608057
531,893,180,4.9611111111111112
532,652,240,2.7166666666666668
533,495,211,2.3459715639810428
611,1087,263,4.1330798479087454
612,1176,315,3.7333333333333334
613,978,306,3.1960784313725492
614,1274,303,4.2046204620462042
621,1370,378,3.6243386243386242
622,2441,352,6.9346590909090908
623,2270,786,2.8880407124681935
624,1700,493,3.4482758620689653
631,1033,288,3.5868055555555554
632,2760,561,4.9197860962566846
633,595,170,3.5
634,1126,294,3.8299319727891157
711,960,361,2.6592797783933517
712,773,243,3.1810699588477367
713,818,240,3.4083333333333332
714,696,212,3.2830188679245285
715,597,149,4.0067114093959733
722,811,215,3.7720930232558141
723,849,171,4.9649122807017543
724,556,194,2.865979381443299
725,998,254,3.9291338582677167
726,564,159,3.5471698113207548
731,968,349,2.7736389684813751
732,500,205,2.4390243902439024
733,716,237,3.0210970464135021
734,631,216,2.9212962962962963
735,1205,300,4.0166666666666666
811,2618,614,4.2638436482084687
812,1176,347,3.3890489913544668
813,4311,1153,3.738941890719861
814,1931,516,3.7422480620155039
815,4120,1072,3.8432835820895521
821,2510,707,3.55021216407355
822,2867,823,3.4835965978128796
823,2730,696,3.9224137931034484
824,1776,543,3.270718232044199
825,1140,328,3.475609756097561
831,1416,476,2.9747899159663866
832,1494,381,3.9212598425196852
833,3577,807,4.4324659231722432
834,3137,706,4.4433427762039663
835,2348,550,4.2690909090909095
911,1954,604,3.2350993377483444
912,2082,575,3.6208695652173915
913,1106,304,3.638157894736842
914,2167,423,5.122931442080378
915,1321,321,4.1152647975077885
921,1234,363,3.3994490358126721
922,1912,546,3.5018315018315018
923,1572,472,3.3305084745762712
924,1561,276,5.6557971014492754
925,917,284,3.2288732394366195
931,809,186,4.349462365591398
932,522,208,2.5096153846153846
933,502,122,4.1147540983606561
934,380,118,3.2203389830508473
935,688,241,2.8547717842323652
1011,893,353,2.5297450424929178
1012,817,247,3.3076923076923075
1013,1738,441,3.9410430839002268
1014,818,194,4.2164948453608249
1021,561,171,3.2807017543859649
1022,1281,347,3.6916426512968301
1023,1368,306,4.4705882352941178
1024,799,251,3.1832669322709162
1031,1815,653,2.7794793261868298
1032,882,336,2.625
1033,1450,357,4.0616246498599438
1034,2298,618,3.7184466019417477
1111,1536,470,3.2680851063829786
1112,1129,447,2.5257270693512304
1113,1465,472,3.1038135593220337
1114,634,180,3.5222222222222221
1115,799,228,3.5043859649122808
1121,1318,338,3.8994082840236688
1122,1655,444,3.7274774774774775
1123,835,287,2.9094076655052263
1124,647,171,3.7836257309941521
1125,382,114,3.3508771929824563
1131,1343,462,2.9069264069264071
1132,1021,321,3.1806853582554515
1133,1470,594,2.4747474747474749
1134,1018,312,3.2628205128205128
1135,1024,325,3.1507692307692308
1211,862,262,3.2900763358778624
1212,1057,250,4.2279999999999998
1213,1674,415,4.0337349397590359
1214,3064,559,5.4812164579606444
1215,1778,452,3.9336283185840708
1221,1462,444,3.2927927927927927
1222,1288,317,4.0630914826498419
1223,1369,393,3.4834605597964376
1224,2423,623,3.8892455858747992
1225,1797,375,4.7919999999999998
1231,2787,584,4.772260273972603
1232,3337,692,4.8222543352601157
1233,1900,415,4.5783132530120483
1234,1505,451,3.3370288248337028
1235,2108,477,4.4192872117400421
1411,1739,487,3.5708418891170433
1412,1175,370,3.1756756756756759
1413,866,255,3.3960784313725489
1414,1172,454,2.5814977973568283
1421,870,285,3.0526315789473686
1422,858,248,3.4596774193548385
1423,880,213,4.131455399061033
1424,1379,409,3.3716381418092909
1431,1061,327,3.2446483180428136
1432,2510,458,5.4803493449781655
1433,2224,455,4.8879120879120883
1434,1543,390,3.9564102564102566
1511,1025,344,2.9796511627906979
1512,970,274,3.5401459854014599
1513,1657,467,3.5481798715203428
1522,1841,642,2.8676012461059188
1523,1000,316,3.1645569620253164
1524,1098,367,2.9918256130790191
1531,1120,373,3.0026809651474529
1532,1071,441,2.4285714285714284
1533,2107,664,3.1731927710843375
1611,1827,499,3.6613226452905812
1612,1263,333,3.7927927927927927
1613,1171,336,3.4851190476190474
1614,1413,348,4.0603448275862073
1621,2011,364,5.5247252747252746
1622,2717,766,3.5469973890339426
1623,2645,804,3.2898009950248754
1624,1810,506,3.5770750988142295
1631,1656,509,3.2534381139489192
1632,2014,409,4.9242053789731051
1633,1826,645,2.8310077519379844
1634,1336,499,2.6773547094188377
1651,368,108,3.4074074074074074
1652,8,8,1
1653,31,22,1.4090909090909092
1654,223,49,4.5510204081632653
1655,14,2,7
1711,2530,468,5.4059829059829063
1712,2472,634,3.8990536277602525
1713,1091,246,4.4349593495934956
1722,2269,586,3.8720136518771331
1723,1914,593,3.2276559865092747
1724,1379,382,3.6099476439790577
1731,1932,601,3.2146422628951745
1732,2155,612,3.5212418300653594
1733,2229,605,3.6842975206611572
1811,1673,201,8.3233830845771148
1812,931,238,3.9117647058823528
1813,902,176,5.125
1814,2337,541,4.3197781885397415
1821,1376,322,4.2732919254658386
1822,2157,337,6.4005934718100894
1823,934,186,5.021505376344086
1824,2345,700,3.3500000000000001
1831,4540,1704,2.664319248826291
1832,2440,685,3.562043795620438
1833,3428,606,5.6567656765676571
1834,6563,1310,5.0099236641221374
1911,1967,379,5.1899736147757256
1912,1568,311,5.041800643086817
1913,626,124,5.0483870967741939
1914,1100,226,4.8672566371681416
1915,1096,322,3.4037267080745344
1921,1660,403,4.1191066997518613
1922,1859,350,5.3114285714285714
1923,1009,309,3.2653721682847898
1924,924,417,2.2158273381294964
1925,1969,606,3.2491749174917492
1931,1679,382,4.3952879581151834
1932,1342,257,5.2217898832684826
1933,921,182,5.0604395604395602
1934,1538,348,4.4195402298850572
1935,1837,444,4.1373873873873874
2011,2541,494,5.1437246963562755
2012,1867,381,4.9002624671916006
2013,1573,288,5.4618055555555554
2022,1357,281,4.8291814946619214
2023,763,114,6.692982456140351
2024,813,154,5.279220779220779
2031,1150,214,5.3738317757009346
2032,906,174,5.2068965517241379
2033,819,118,6.9406779661016946
2211,2482,600,4.1366666666666667
2212,2323,483,4.8095238095238093
2213,1734,357,4.8571428571428568
2221,1754,283,6.1978798586572434
2222,895,233,3.8412017167381975
2223,1676,451,3.7161862527716187
2232,1272,397,3.2040302267002518
2233,832,183,4.5464480874316937
2234,1356,394,3.4416243654822334
2411,2869,630,4.5539682539682538
2412,2252,515,4.3728155339805825
2413,3404,791,4.3034134007585338
2422,842,205,4.1073170731707318
2423,808,217,3.7235023041474653
2424,1242,344,3.61046511627907
2431,571,163,3.5030674846625769
2432,1944,465,4.1806451612903226
2433,2201,456,4.8267543859649127
2511,1505,417,3.6091127098321345
2512,2767,768,3.6028645833333335
2513,1059,290,3.6517241379310343
2514,1770,570,3.1052631578947367
2515,1992,540,3.6888888888888891
2521,2231,618,3.6100323624595467
2522,1433,476,3.0105042016806722
2523,1380,416,3.3173076923076925
2524,1309,393,3.330788804071247
2525,805,294,2.7380952380952381
2531,1001,315,3.1777777777777776
2532,992,312,3.1794871794871793
2533,2718,538,5.0520446096654279
2534,1701,538,3.1617100371747213
2535,1254,377,3.3262599469496021
