quarter,weather_condition,beat,ratio
40,111,,1,631,111,,1,6.3391442155309036E-2
14,112,,1,431,112,,1,0.03248259860788863
11,113,,1,350,113,,1,3.1428571428571431E-2
62,114,,1,1282,114,,1,4.8361934477379097E-2
22,121,,1,783,121,,1,2.8097062579821201E-2
71,122,,1,1541,122,,1,4.6073977936404935E-2
35,123,,1,763,123,,1,4.5871559633027525E-2
50,124,,1,661,124,,1,0.07564296520423601
48,131,,1,721,131,,1,6.6574202496532592E-2
41,132,,1,649,132,,1,6.3174114021571651E-2
24,133,,1,278,133,,1,8.6330935251798566E-2
20,211,,1,273,211,,1,7.3260073260073263E-2
17,212,,1,221,212,,1,7.6923076923076927E-2
18,213,,1,234,213,,1,7.6923076923076927E-2
6,214,,1,95,214,,1,6.3157894736842107E-2
34,215,,1,224,215,,1,0.15178571428571427
5,221,,1,115,221,,1,4.3478260869565216E-2
14,222,,1,319,222,,1,4.3887147335423198E-2
14,223,,1,174,223,,1,8.0459770114942528E-2
15,224,,1,196,224,,1,7.6530612244897961E-2
39,225,,1,258,225,,1,0.15116279069767441
15,231,,1,103,231,,1,0.14563106796116504
12,232,,1,139,232,,1,8.6330935251798566E-2
29,233,,1,220,233,,1,0.13181818181818181
22,234,,1,353,234,,1,6.2322946175637391E-2
10,235,,1,269,235,,1,0.03717472118959108
25,311,,1,199,311,,1,0.12562814070351758
40,312,,1,471,312,,1,8.4925690021231418E-2
12,313,,1,210,313,,1,5.7142857142857141E-2
27,314,,1,177,314,,1,0.15254237288135594
46,321,,1,489,321,,1,9.4069529652351741E-2
45,322,,1,440,322,,1,0.10227272727272728
54,323,,1,594,323,,1,9.0909090909090912E-2
40,324,,1,444,324,,1,9.0090090090090086E-2
84,331,,1,893,331,,1,9.4064949608062706E-2
40,332,,1,425,332,,1,9.4117647058823528E-2
21,333,,1,256,333,,1,0.08203125
29,334,,1,315,334,,1,9.2063492063492069E-2
50,411,,1,581,411,,1,8.6058519793459548E-2
63,412,,1,499,412,,1,0.12625250501002003
33,413,,1,429,413,,1,7.6923076923076927E-2
27,414,,1,301,414,,1,8.9700996677740868E-2
13,421,,1,233,421,,1,5.5793991416309016E-2
5,422,,1,96,422,,1,5.2083333333333336E-2
29,423,,1,257,423,,1,0.11284046692607004
16,424,,1,130,424,,1,0.12307692307692308
23,431,,1,373,431,,1,6.1662198391420911E-2
33,432,,1,272,432,,1,0.12132352941176471
32,433,,1,177,433,,1,0.1807909604519774
18,434,,1,221,434,,1,8.1447963800904979E-2
50,511,,1,558,511,,1,8.9605734767025089E-2
23,512,,1,219,512,,1,0.1050228310502283
18,513,,1,259,513,,1,6.9498069498069498E-2
6,522,,1,112,522,,1,5.3571428571428568E-2
18,523,,1,172,523,,1,0.10465116279069768
28,524,,1,247,524,,1,0.11336032388663968
16,531,,1,221,531,,1,7.2398190045248875E-2
12,532,,1,150,532,,1,8.0000000000000002E-2
22,533,,1,132,533,,1,0.16666666666666666
31,611,,1,260,611,,1,0.11923076923076924
26,612,,1,272,612,,1,9.5588235294117641E-2
22,613,,1,256,613,,1,0.0859375
29,614,,1,288,614,,1,0.10069444444444445
49,621,,1,333,621,,1,0.14714714714714713
60,622,,1,585,622,,1,0.10256410256410256
65,623,,1,692,623,,1,9.3930635838150284E-2
52,624,,1,449,624,,1,0.11581291759465479
21,631,,1,224,631,,1,0.09375
66,632,,1,684,632,,1,9.6491228070175433E-2
3,633,,1,154,633,,1,0.01948051948051948
27,634,,1,301,634,,1,8.9700996677740868E-2
42,711,,1,330,711,,1,0.12727272727272726
14,712,,1,204,712,,1,6.8627450980392163E-2
35,713,,1,226,713,,1,0.15486725663716813
19,714,,1,152,714,,1,0.125
20,715,,1,161,715,,1,0.12422360248447205
30,722,,1,248,722,,1,0.12096774193548387
18,723,,1,206,723,,1,8.7378640776699032E-2
12,724,,1,105,724,,1,0.11428571428571428
40,725,,1,234,725,,1,0.17094017094017094
14,726,,1,147,726,,1,9.5238095238095233E-2
44,731,,1,323,731,,1,0.13622291021671826
22,732,,1,135,732,,1,0.16296296296296298
23,733,,1,222,733,,1,0.1036036036036036
23,734,,1,155,734,,1,0.14838709677419354
35,735,,1,227,735,,1,0.15418502202643172
62,811,,1,555,811,,1,0.11171171171171171
19,812,,1,238,812,,1,7.9831932773109238E-2
90,813,,1,1002,813,,1,8.9820359281437126E-2
27,814,,1,452,814,,1,5.9734513274336286E-2
75,815,,1,998,815,,1,7.5150300601202411E-2
68,821,,1,668,821,,1,0.10179640718562874
80,822,,1,640,822,,1,0.125
53,823,,1,656,823,,1,8.0792682926829271E-2
34,824,,1,440,824,,1,7.7272727272727271E-2
15,825,,1,224,825,,1,6.6964285714285712E-2
39,831,,1,309,831,,1,0.12621359223300971
28,832,,1,334,832,,1,8.3832335329341312E-2
107,833,,1,780,833,,1,0.13717948717948719
80,834,,1,708,834,,1,0.11299435028248588
55,835,,1,495,835,,1,0.1111111111111111
80,911,,1,498,911,,1,0.1606425702811245
48,912,,1,449,912,,1,0.10690423162583519
26,913,,1,221,913,,1,0.11764705882352941
49,914,,1,450,914,,1,0.10888888888888888
28,915,,1,329,915,,1,8.5106382978723402E-2
38,921,,1,319,921,,1,0.11912225705329153
50,922,,1,502,922,,1,9.9601593625498003E-2
41,923,,1,354,923,,1,0.11581920903954802
33,924,,1,317,924,,1,0.10410094637223975
15,925,,1,226,925,,1,0.06637168141592921
22,931,,1,179,931,,1,0.12290502793296089
15,932,,1,157,932,,1,9.5541401273885357E-2
19,933,,1,107,933,,1,0.17757009345794392
6,934,,1,106,934,,1,5.6603773584905662E-2
13,935,,1,237,935,,1,5.4852320675105488E-2
22,1011,,1,222,1011,,1,0.0990990990990991
21,1012,,1,188,1012,,1,0.11170212765957446
59,1013,,1,440,1013,,1,0.13409090909090909
21,1014,,1,193,1014,,1,0.10880829015544041
13,1021,,1,117,1021,,1,0.1111111111111111
33,1022,,1,328,1022,,1,0.10060975609756098
18,1023,,1,300,1023,,1,5.9999999999999998E-2
16,1024,,1,160,1024,,1,0.10000000000000001
48,1031,,1,460,1031,,1,0.10434782608695652
27,1032,,1,234,1032,,1,0.11538461538461539
26,1033,,1,331,1033,,1,7.8549848942598186E-2
54,1034,,1,556,1034,,1,9.7122302158273388E-2
41,1111,,1,424,1111,,1,9.6698113207547176E-2
25,1112,,1,288,1112,,1,8.6805555555555552E-2
41,1113,,1,442,1113,,1,9.2760180995475117E-2
14,1114,,1,178,1114,,1,7.8651685393258425E-2
19,1115,,1,217,1115,,1,0.08755760368663594
29,1121,,1,292,1121,,1,9.9315068493150679E-2
55,1122,,1,441,1122,,1,0.12471655328798185
10,1123,,1,180,1123,,1,5.5555555555555552E-2
12,1124,,1,147,1124,,1,8.1632653061224483E-2
5,1125,,1,111,1125,,1,4.5045045045045043E-2
28,1131,,1,374,1131,,1,7.4866310160427801E-2
31,1132,,1,287,1132,,1,0.10801393728222997
43,1133,,1,406,1133,,1,0.10591133004926108
26,1134,,1,235,1134,,1,0.11063829787234042
11,1135,,1,222,1135,,1,0.04954954954954955
21,1211,,1,241,1211,,1,8.7136929460580909E-2
20,1212,,1,300,1212,,1,6.6666666666666666E-2
19,1213,,1,414,1213,,1,4.5893719806763288E-2
31,1214,,1,725,1214,,1,0.04275862068965517
29,1215,,1,489,1215,,1,5.9304703476482618E-2
43,1221,,1,471,1221,,1,9.1295116772823773E-2
36,1222,,1,376,1222,,1,9.5744680851063829E-2
39,1223,,1,423,1223,,1,9.2198581560283682E-2
37,1224,,1,734,1224,,1,5.0408719346049048E-2
34,1225,,1,468,1225,,1,7.2649572649572655E-2
59,1231,,1,796,1231,,1,7.4120603015075379E-2
77,1232,,1,966,1232,,1,7.9710144927536225E-2
29,1233,,1,443,1233,,1,6.5462753950338598E-2
43,1234,,1,401,1234,,1,0.10723192019950124
28,1235,,1,557,1235,,1,5.0269299820466788E-2
47,1411,,1,457,1411,,1,0.10284463894967177
25,1412,,1,285,1412,,1,0.08771929824561403
15,1413,,1,247,1413,,1,6.0728744939271252E-2
19,1414,,1,299,1414,,1,0.06354515050167224
14,1421,,1,237,1421,,1,5.9071729957805907E-2
24,1422,,1,188,1422,,1,0.1276595744680851
25,1423,,1,187,1423,,1,0.13368983957219252
36,1424,,1,372,1424,,1,9.6774193548387094E-2
13,1431,,1,285,1431,,1,4.5614035087719301E-2
53,1432,,1,617,1432,,1,8.5899513776337116E-2
28,1433,,1,521,1433,,1,5.3742802303262956E-2
22,1434,,1,344,1434,,1,6.3953488372093026E-2
20,1511,,1,252,1511,,1,7.9365079365079361E-2
17,1512,,1,240,1512,,1,7.0833333333333331E-2
27,1513,,1,470,1513,,1,5.7446808510638298E-2
29,1522,,1,405,1522,,1,0.07160493827160494
26,1523,,1,251,1523,,1,0.10358565737051793
26,1524,,1,270,1524,,1,9.6296296296296297E-2
30,1531,,1,275,1531,,1,0.10909090909090909
31,1532,,1,278,1532,,1,0.11151079136690648
61,1533,,1,617,1533,,1,9.8865478119935166E-2
41,1611,,1,378,1611,,1,0.10846560846560846
41,1612,,1,298,1612,,1,0.13758389261744966
58,1613,,1,306,1613,,1,0.18954248366013071
27,1614,,1,357,1614,,1,7.5630252100840331E-2
46,1621,,1,483,1621,,1,9.5238095238095233E-2
105,1622,,1,682,1622,,1,0.15395894428152493
79,1623,,1,705,1623,,1,0.11205673758865248
44,1624,,1,429,1624,,1,0.10256410256410256
59,1631,,1,407,1631,,1,0.14496314496314497
56,1632,,1,490,1632,,1,0.11428571428571428
45,1633,,1,511,1633,,1,8.8062622309197647E-2
28,1634,,1,359,1634,,1,7.7994428969359333E-2
3,1651,,1,65,1651,,1,4.6153846153846156E-2
,,,,28,1654,,1,
,,,,2,1655,,1,
52,1711,,1,605,1711,,1,8.5950413223140495E-2
76,1712,,1,597,1712,,1,0.12730318257956449
28,1713,,1,232,1713,,1,0.1206896551724138
52,1722,,1,586,1722,,1,8.8737201365187715E-2
32,1723,,1,420,1723,,1,7.6190476190476197E-2
30,1724,,1,345,1724,,1,8.6956521739130432E-2
50,1731,,1,453,1731,,1,0.11037527593818984
44,1732,,1,548,1732,,1,8.0291970802919707E-2
41,1733,,1,524,1733,,1,7.8244274809160311E-2
13,1811,,1,347,1811,,1,3.7463976945244955E-2
19,1812,,1,244,1812,,1,7.7868852459016397E-2
9,1813,,1,209,1813,,1,4.3062200956937802E-2
28,1814,,1,567,1814,,1,4.9382716049382713E-2
18,1821,,1,322,1821,,1,5.5900621118012424E-2
22,1822,,1,516,1822,,1,4.2635658914728682E-2
14,1823,,1,208,1823,,1,6.7307692307692304E-2
27,1824,,1,604,1824,,1,4.4701986754966887E-2
39,1831,,1,1535,1831,,1,2.5407166123778503E-2
41,1832,,1,747,1832,,1,5.4886211512717539E-2
36,1833,,1,789,1833,,1,4.5627376425855515E-2
69,1834,,1,1602,1834,,1,0.04307116104868914
53,1911,,1,517,1911,,1,0.10251450676982592
24,1912,,1,331,1912,,1,7.2507552870090641E-2
13,1913,,1,148,1913,,1,8.7837837837837843E-2
21,1914,,1,231,1914,,1,9.0909090909090912E-2
20,1915,,1,259,1915,,1,7.7220077220077218E-2
58,1921,,1,405,1921,,1,0.14320987654320988
26,1922,,1,383,1922,,1,6.7885117493472591E-2
18,1923,,1,202,1923,,1,8.9108910891089105E-2
12,1924,,1,231,1924,,1,5.1948051948051951E-2
22,1925,,1,506,1925,,1,4.3478260869565216E-2
25,1931,,1,400,1931,,1,0.0625
22,1932,,1,306,1932,,1,7.1895424836601302E-2
4,1933,,1,196,1933,,1,2.0408163265306121E-2
15,1934,,1,378,1934,,1,0.03968253968253968
29,1935,,1,401,1935,,1,7.2319201995012475E-2
51,2011,,1,556,2011,,1,0.09172661870503597
28,2012,,1,455,2012,,1,6.1538461538461542E-2
42,2013,,1,370,2013,,1,0.11351351351351352
16,2022,,1,365,2022,,1,4.3835616438356165E-2
15,2023,,1,161,2023,,1,9.3167701863354033E-2
7,2024,,1,199,2024,,1,3.5175879396984924E-2
21,2031,,1,275,2031,,1,0.07636363636363637
8,2032,,1,221,2032,,1,3.6199095022624438E-2
10,2033,,1,177,2033,,1,5.6497175141242938E-2
100,2211,,1,531,2211,,1,0.18832391713747645
63,2212,,1,501,2212,,1,0.12574850299401197
44,2213,,1,415,2213,,1,0.10602409638554217
46,2221,,1,401,2221,,1,0.11471321695760599
28,2222,,1,204,2222,,1,0.13725490196078433
50,2223,,1,391,2223,,1,0.12787723785166241
41,2232,,1,364,2232,,1,0.11263736263736264
9,2233,,1,203,2233,,1,4.4334975369458129E-2
32,2234,,1,346,2234,,1,9.2485549132947972E-2
44,2411,,1,706,2411,,1,6.2322946175637391E-2
52,2412,,1,529,2412,,1,9.8298676748582225E-2
76,2413,,1,845,2413,,1,8.9940828402366862E-2
9,2422,,1,185,2422,,1,4.8648648648648651E-2
9,2423,,1,178,2423,,1,5.0561797752808987E-2
9,2424,,1,277,2424,,1,3.2490974729241874E-2
10,2431,,1,113,2431,,1,8.8495575221238937E-2
41,2432,,1,467,2432,,1,8.7794432548179868E-2
40,2433,,1,524,2433,,1,7.6335877862595422E-2
45,2511,,1,325,2511,,1,0.13846153846153847
56,2512,,1,635,2512,,1,8.8188976377952755E-2
27,2513,,1,261,2513,,1,0.10344827586206896
37,2514,,1,452,2514,,1,0.08185840707964602
57,2515,,1,481,2515,,1,0.11850311850311851
55,2521,,1,556,2521,,1,9.8920863309352514E-2
41,2522,,1,372,2522,,1,0.11021505376344086
26,2523,,1,313,2523,,1,8.3067092651757185E-2
36,2524,,1,342,2524,,1,0.10526315789473684
20,2525,,1,182,2525,,1,0.10989010989010989
18,2531,,1,243,2531,,1,0.07407407407407407
30,2532,,1,232,2532,,1,0.12931034482758622
64,2533,,1,736,2533,,1,8.6956521739130432E-2
45,2534,,1,453,2534,,1,9.9337748344370855E-2
32,2535,,1,287,2535,,1,0.11149825783972125
29,111,,2,648,111,,2,4.4753086419753084E-2
18,112,,2,574,112,,2,3.1358885017421602E-2
22,113,,2,395,113,,2,5.5696202531645568E-2
130,114,,2,1722,114,,2,7.5493612078977937E-2
20,121,,2,718,121,,2,2.7855153203342618E-2
67,122,,2,1456,122,,2,0.04601648351648352
43,123,,2,850,123,,2,5.0588235294117649E-2
51,124,,2,734,124,,2,6.9482288828337874E-2
48,131,,2,805,131,,2,5.9627329192546583E-2
82,132,,2,988,132,,2,8.2995951417004055E-2
33,133,,2,335,133,,2,9.8507462686567168E-2
26,211,,2,380,211,,2,6.8421052631578952E-2
26,212,,2,276,212,,2,0.09420289855072464
23,213,,2,218,213,,2,0.10550458715596331
22,214,,2,143,214,,2,0.15384615384615385
7,215,,2,187,215,,2,3.7433155080213901E-2
16,221,,2,128,221,,2,0.125
32,222,,2,350,222,,2,9.1428571428571428E-2
24,223,,2,219,223,,2,0.1095890410958904
26,224,,2,201,224,,2,0.12935323383084577
32,225,,2,305,225,,2,0.10491803278688525
16,231,,2,190,231,,2,8.4210526315789472E-2
15,232,,2,162,232,,2,9.2592592592592587E-2
26,233,,2,254,233,,2,0.10236220472440945
50,234,,2,403,234,,2,0.12406947890818859
29,235,,2,292,235,,2,9.9315068493150679E-2
32,311,,2,253,311,,2,0.12648221343873517
88,312,,2,600,312,,2,0.14666666666666667
14,313,,2,194,313,,2,7.2164948453608241E-2
40,314,,2,254,314,,2,0.15748031496062992
92,321,,2,540,321,,2,0.17037037037037037
77,322,,2,505,322,,2,0.15247524752475247
72,323,,2,599,323,,2,0.12020033388981637
60,324,,2,480,324,,2,0.125
131,331,,2,1011,331,,2,0.12957467853610286
45,332,,2,497,332,,2,9.0543259557344061E-2
33,333,,2,275,333,,2,0.12
41,334,,2,364,334,,2,0.11263736263736264
53,411,,2,601,411,,2,8.8186356073211319E-2
94,412,,2,504,412,,2,0.18650793650793651
44,413,,2,425,413,,2,0.10352941176470588
27,414,,2,338,414,,2,7.9881656804733733E-2
18,421,,2,258,421,,2,6.9767441860465115E-2
4,422,,2,101,422,,2,3.9603960396039604E-2
32,423,,2,246,423,,2,0.13008130081300814
6,424,,2,122,424,,2,4.9180327868852458E-2
41,431,,2,311,431,,2,0.13183279742765272
43,432,,2,280,432,,2,0.15357142857142858
32,433,,2,184,433,,2,0.17391304347826086
31,434,,2,179,434,,2,0.17318435754189945
46,511,,2,577,511,,2,7.9722703639514725E-2
24,512,,2,180,512,,2,0.13333333333333333
29,513,,2,265,513,,2,0.10943396226415095
18,522,,2,115,522,,2,0.15652173913043479
22,523,,2,238,523,,2,9.2436974789915971E-2
37,524,,2,289,524,,2,0.12802768166089964
22,531,,2,277,531,,2,7.9422382671480149E-2
25,532,,2,181,532,,2,0.13812154696132597
20,533,,2,136,533,,2,0.14705882352941177
37,611,,2,273,611,,2,0.13553113553113552
48,612,,2,283,612,,2,0.16961130742049471
42,613,,2,304,613,,2,0.13815789473684212
43,614,,2,409,614,,2,0.10513447432762836
60,621,,2,410,621,,2,0.14634146341463414
83,622,,2,682,622,,2,0.1217008797653959
85,623,,2,682,623,,2,0.12463343108504399
58,624,,2,549,624,,2,0.10564663023679417
37,631,,2,314,631,,2,0.1178343949044586
76,632,,2,776,632,,2,9.7938144329896906E-2
20,633,,2,143,633,,2,0.13986013986013987
35,634,,2,325,634,,2,0.1076923076923077
43,711,,2,337,711,,2,0.12759643916913946
39,712,,2,191,712,,2,0.20418848167539266
48,713,,2,247,713,,2,0.19433198380566802
30,714,,2,245,714,,2,0.12244897959183673
25,715,,2,193,715,,2,0.12953367875647667
32,722,,2,237,722,,2,0.13502109704641349
43,723,,2,241,723,,2,0.17842323651452283
22,724,,2,147,724,,2,0.14965986394557823
31,725,,2,274,725,,2,0.11313868613138686
26,726,,2,151,726,,2,0.17218543046357615
57,731,,2,337,731,,2,0.16913946587537093
7,732,,2,175,732,,2,4.0000000000000001E-2
39,733,,2,208,733,,2,0.1875
18,734,,2,187,734,,2,9.6256684491978606E-2
44,735,,2,351,735,,2,0.12535612535612536
79,811,,2,628,811,,2,0.12579617834394904
32,812,,2,299,812,,2,0.10702341137123746
105,813,,2,1138,813,,2,0.09226713532513181
39,814,,2,466,814,,2,8.3690987124463517E-2
111,815,,2,1058,815,,2,0.10491493383742911
75,821,,2,621,821,,2,0.12077294685990338
82,822,,2,782,822,,2,0.10485933503836317
106,823,,2,607,823,,2,0.17462932454695224
57,824,,2,494,824,,2,0.11538461538461539
32,825,,2,306,825,,2,0.10457516339869281
37,831,,2,351,831,,2,0.10541310541310542
30,832,,2,345,832,,2,8.6956521739130432E-2
133,833,,2,861,833,,2,0.15447154471544716
103,834,,2,754,834,,2,0.13660477453580902
78,835,,2,587,835,,2,0.13287904599659284
73,911,,2,537,911,,2,0.13594040968342644
74,912,,2,565,912,,2,0.13097345132743363
39,913,,2,287,913,,2,0.13588850174216027
49,914,,2,630,914,,2,7.7777777777777779E-2
38,915,,2,309,915,,2,0.12297734627831715
45,921,,2,320,921,,2,0.140625
71,922,,2,569,922,,2,0.12478031634446397
48,923,,2,384,923,,2,0.125
36,924,,2,345,924,,2,0.10434782608695652
16,925,,2,257,925,,2,6.2256809338521402E-2
29,931,,2,181,931,,2,0.16022099447513813
15,932,,2,133,932,,2,0.11278195488721804
10,933,,2,104,933,,2,9.6153846153846159E-2
9,934,,2,88,934,,2,0.10227272727272728
51,935,,2,222,935,,2,0.22972972972972974
46,1011,,2,257,1011,,2,0.17898832684824903
33,1012,,2,230,1012,,2,0.14347826086956522
49,1013,,2,425,1013,,2,0.11529411764705882
29,1014,,2,155,1014,,2,0.18709677419354839
20,1021,,2,164,1021,,2,0.12195121951219512
29,1022,,2,336,1022,,2,8.6309523809523808E-2
56,1023,,2,325,1023,,2,0.1723076923076923
28,1024,,2,208,1024,,2,0.13461538461538461
58,1031,,2,423,1031,,2,0.13711583924349882
27,1032,,2,211,1032,,2,0.12796208530805686
46,1033,,2,355,1033,,2,0.12957746478873239
62,1034,,2,584,1034,,2,0.10616438356164383
52,1111,,2,482,1111,,2,0.1078838174273859
45,1112,,2,371,1112,,2,0.12129380053908356
65,1113,,2,546,1113,,2,0.11904761904761904
22,1114,,2,217,1114,,2,0.10138248847926268
32,1115,,2,283,1115,,2,0.11307420494699646
65,1121,,2,425,1121,,2,0.15294117647058825
59,1122,,2,554,1122,,2,0.10649819494584838
41,1123,,2,269,1123,,2,0.15241635687732341
24,1124,,2,253,1124,,2,9.4861660079051377E-2
11,1125,,2,120,1125,,2,0.09166666666666666
48,1131,,2,479,1131,,2,0.10020876826722339
43,1132,,2,300,1132,,2,0.14333333333333334
78,1133,,2,577,1133,,2,0.13518197573656845
33,1134,,2,319,1134,,2,0.10344827586206896
54,1135,,2,341,1135,,2,0.15835777126099707
32,1211,,2,276,1211,,2,0.11594202898550725
26,1212,,2,301,1212,,2,8.6378737541528236E-2
36,1213,,2,503,1213,,2,7.1570576540755465E-2
64,1214,,2,885,1214,,2,7.2316384180790963E-2
20,1215,,2,466,1215,,2,4.2918454935622317E-2
52,1221,,2,391,1221,,2,0.13299232736572891
74,1222,,2,352,1222,,2,0.21022727272727273
41,1223,,2,325,1223,,2,0.12615384615384614
41,1224,,2,708,1224,,2,5.7909604519774012E-2
47,1225,,2,563,1225,,2,0.08348134991119005
60,1231,,2,805,1231,,2,7.4534161490683232E-2
86,1232,,2,914,1232,,2,9.4091903719912467E-2
45,1233,,2,588,1233,,2,7.6530612244897961E-2
34,1234,,2,408,1234,,2,8.3333333333333329E-2
54,1235,,2,629,1235,,2,8.5850556438791734E-2
39,1411,,2,443,1411,,2,8.8036117381489837E-2
17,1412,,2,278,1412,,2,6.1151079136690649E-2
16,1413,,2,215,1413,,2,0.07441860465116279
32,1414,,2,368,1414,,2,8.6956521739130432E-2
34,1421,,2,210,1421,,2,0.16190476190476191
21,1422,,2,232,1422,,2,9.0517241379310345E-2
30,1423,,2,225,1423,,2,0.13333333333333333
46,1424,,2,386,1424,,2,0.11917098445595854
30,1431,,2,264,1431,,2,0.11363636363636363
54,1432,,2,624,1432,,2,8.6538461538461536E-2
43,1433,,2,613,1433,,2,0.0701468189233279
30,1434,,2,407,1434,,2,7.3710073710073709E-2
39,1511,,2,324,1511,,2,0.12037037037037036
41,1512,,2,270,1512,,2,0.15185185185185185
51,1513,,2,501,1513,,2,0.10179640718562874
71,1522,,2,607,1522,,2,0.11696869851729819
43,1523,,2,381,1523,,2,0.11286089238845144
37,1524,,2,398,1524,,2,9.2964824120603015E-2
37,1531,,2,359,1531,,2,0.10306406685236769
27,1532,,2,385,1532,,2,7.0129870129870125E-2
77,1533,,2,679,1533,,2,0.1134020618556701
72,1611,,2,481,1611,,2,0.1496881496881497
32,1612,,2,265,1612,,2,0.12075471698113208
35,1613,,2,262,1613,,2,0.13358778625954199
41,1614,,2,311,1614,,2,0.13183279742765272
88,1621,,2,643,1621,,2,0.13685847589424571
90,1622,,2,641,1622,,2,0.14040561622464898
111,1623,,2,659,1623,,2,0.16843702579666162
69,1624,,2,457,1624,,2,0.15098468271334792
41,1631,,2,373,1631,,2,0.10991957104557641
55,1632,,2,480,1632,,2,0.11458333333333333
61,1633,,2,479,1633,,2,0.12734864300626306
39,1634,,2,336,1634,,2,0.11607142857142858
1,1651,,2,78,1651,,2,0.01282051282051282
,,,,2,1652,,2,
,,,,9,1653,,2,
,,,,31,1654,,2,
63,1711,,2,647,1711,,2,9.7372488408037097E-2
71,1712,,2,587,1712,,2,0.12095400340715502
24,1713,,2,245,1713,,2,9.7959183673469383E-2
43,1722,,2,585,1722,,2,7.3504273504273507E-2
30,1723,,2,495,1723,,2,6.0606060606060608E-2
29,1724,,2,275,1724,,2,0.10545454545454545
64,1731,,2,472,1731,,2,0.13559322033898305
52,1732,,2,525,1732,,2,9.9047619047619051E-2
49,1733,,2,529,1733,,2,9.2627599243856329E-2
39,1811,,2,402,1811,,2,9.7014925373134331E-2
21,1812,,2,220,1812,,2,9.5454545454545459E-2
11,1813,,2,223,1813,,2,4.9327354260089683E-2
48,1814,,2,697,1814,,2,0.06886657101865136
16,1821,,2,381,1821,,2,4.1994750656167978E-2
32,1822,,2,560,1822,,2,5.7142857142857141E-2
12,1823,,2,199,1823,,2,0.06030150753768844
50,1824,,2,718,1824,,2,6.9637883008356549E-2
44,1831,,2,1499,1831,,2,2.9352901934623081E-2
33,1832,,2,708,1832,,2,4.6610169491525424E-2
58,1833,,2,995,1833,,2,5.8291457286432161E-2
106,1834,,2,1941,1834,,2,5.4611025244719218E-2
45,1911,,2,510,1911,,2,8.8235294117647065E-2
36,1912,,2,384,1912,,2,0.09375
7,1913,,2,144,1913,,2,4.8611111111111112E-2
32,1914,,2,343,1914,,2,9.3294460641399415E-2
29,1915,,2,340,1915,,2,8.5294117647058826E-2
50,1921,,2,428,1921,,2,0.11682242990654206
39,1922,,2,460,1922,,2,0.08478260869565217
18,1923,,2,311,1923,,2,5.7877813504823149E-2
15,1924,,2,303,1924,,2,4.9504950495049507E-2
41,1925,,2,639,1925,,2,0.06416275430359937
30,1931,,2,427,1931,,2,7.0257611241217793E-2
23,1932,,2,358,1932,,2,6.4245810055865923E-2
19,1933,,2,265,1933,,2,7.1698113207547168E-2
22,1934,,2,400,1934,,2,0.055
55,1935,,2,466,1935,,2,0.11802575107296137
60,2011,,2,609,2011,,2,9.8522167487684734E-2
51,2012,,2,525,2012,,2,9.7142857142857142E-2
44,2013,,2,407,2013,,2,0.10810810810810811
40,2022,,2,441,2022,,2,9.0702947845804988E-2
21,2023,,2,202,2023,,2,0.10396039603960396
26,2024,,2,213,2024,,2,0.12206572769953052
29,2031,,2,279,2031,,2,0.1039426523297491
27,2032,,2,248,2032,,2,0.10887096774193548
14,2033,,2,204,2033,,2,6.8627450980392163E-2
121,2211,,2,553,2211,,2,0.21880650994575046
52,2212,,2,542,2212,,2,9.5940959409594101E-2
63,2213,,2,399,2213,,2,0.15789473684210525
40,2221,,2,439,2221,,2,9.1116173120728935E-2
32,2222,,2,250,2222,,2,0.128
50,2223,,2,481,2223,,2,0.10395010395010396
37,2232,,2,375,2232,,2,9.8666666666666666E-2
30,2233,,2,211,2233,,2,0.14218009478672985
40,2234,,2,386,2234,,2,0.10362694300518134
86,2411,,2,705,2411,,2,0.12198581560283688
84,2412,,2,551,2412,,2,0.15245009074410162
87,2413,,2,832,2413,,2,0.1045673076923077
21,2422,,2,222,2422,,2,0.0945945945945946
14,2423,,2,186,2423,,2,7.5268817204301078E-2
36,2424,,2,326,2424,,2,0.11042944785276074
3,2431,,2,144,2431,,2,2.0833333333333332E-2
47,2432,,2,461,2432,,2,0.1019522776572668
40,2433,,2,580,2433,,2,6.8965517241379309E-2
47,2511,,2,314,2511,,2,0.14968152866242038
81,2512,,2,691,2512,,2,0.11722141823444283
27,2513,,2,295,2513,,2,0.09152542372881356
51,2514,,2,425,2514,,2,0.12
56,2515,,2,520,2515,,2,0.1076923076923077
45,2521,,2,537,2521,,2,8.3798882681564241E-2
56,2522,,2,401,2522,,2,0.1396508728179551
20,2523,,2,335,2523,,2,5.9701492537313432E-2
25,2524,,2,311,2524,,2,8.0385852090032156E-2
25,2525,,2,237,2525,,2,0.10548523206751055
26,2531,,2,274,2531,,2,9.4890510948905105E-2
26,2532,,2,264,2532,,2,9.8484848484848481E-2
67,2533,,2,684,2533,,2,0.097953216374269
49,2534,,2,469,2534,,2,0.1044776119402985
18,2535,,2,326,2535,,2,5.5214723926380369E-2
30,111,,3,853,111,,3,3.5169988276670575E-2
27,112,,3,611,112,,3,0.044189852700491
18,113,,3,397,113,,3,0.04534005037783375
146,114,,3,2192,114,,3,6.6605839416058396E-2
36,121,,3,875,121,,3,4.1142857142857141E-2
81,122,,3,1864,122,,3,4.3454935622317593E-2
69,123,,3,1131,123,,3,6.1007957559681698E-2
61,124,,3,755,124,,3,8.0794701986754966E-2
79,131,,3,979,131,,3,8.0694586312563835E-2
83,132,,3,997,132,,3,8.3249749247743227E-2
21,133,,3,386,133,,3,5.4404145077720206E-2
38,211,,3,442,211,,3,8.5972850678733032E-2
25,212,,3,258,212,,3,9.6899224806201556E-2
30,213,,3,308,213,,3,9.7402597402597407E-2
20,214,,3,192,214,,3,0.10416666666666667
36,215,,3,236,215,,3,0.15254237288135594
24,221,,3,162,221,,3,0.14814814814814814
36,222,,3,395,222,,3,9.1139240506329114E-2
13,223,,3,196,223,,3,6.6326530612244902E-2
16,224,,3,268,224,,3,5.9701492537313432E-2
30,225,,3,319,225,,3,9.4043887147335428E-2
31,231,,3,178,231,,3,0.17415730337078653
25,232,,3,176,232,,3,0.14204545454545456
32,233,,3,287,233,,3,0.11149825783972125
46,234,,3,442,234,,3,0.10407239819004525
23,235,,3,271,235,,3,8.4870848708487087E-2
26,311,,3,208,311,,3,0.125
45,312,,3,489,312,,3,0.09202453987730061
21,313,,3,203,313,,3,0.10344827586206896
17,314,,3,170,314,,3,0.10000000000000001
47,321,,3,457,321,,3,0.10284463894967177
68,322,,3,441,322,,3,0.15419501133786848
76,323,,3,597,323,,3,0.12730318257956449
56,324,,3,473,324,,3,0.11839323467230443
155,331,,3,1078,331,,3,0.14378478664192951
49,332,,3,423,332,,3,0.11583924349881797
35,333,,3,265,333,,3,0.13207547169811321
28,334,,3,309,334,,3,9.0614886731391592E-2
96,411,,3,812,411,,3,0.11822660098522167
72,412,,3,703,412,,3,0.10241820768136557
57,413,,3,575,413,,3,0.09913043478260869
43,414,,3,381,414,,3,0.11286089238845144
30,421,,3,175,421,,3,0.17142857142857143
7,422,,3,87,422,,3,8.0459770114942528E-2
37,423,,3,350,423,,3,0.10571428571428572
16,424,,3,233,424,,3,6.8669527896995708E-2
60,431,,3,413,431,,3,0.14527845036319612
85,432,,3,455,432,,3,0.18681318681318682
33,433,,3,257,433,,3,0.12840466926070038
50,434,,3,278,434,,3,0.17985611510791366
54,511,,3,671,511,,3,8.0476900149031291E-2
24,512,,3,249,512,,3,9.6385542168674704E-2
41,513,,3,306,513,,3,0.13398692810457516
14,522,,3,138,522,,3,0.10144927536231885
41,523,,3,308,523,,3,0.13311688311688311
48,524,,3,319,524,,3,0.15047021943573669
22,531,,3,257,531,,3,8.5603112840466927E-2
16,532,,3,200,532,,3,8.0000000000000002E-2
13,533,,3,179,533,,3,7.2625698324022353E-2
27,611,,3,344,611,,3,7.8488372093023256E-2
60,612,,3,372,612,,3,0.16129032258064516
24,613,,3,297,613,,3,8.0808080808080815E-2
34,614,,3,386,614,,3,8.8082901554404139E-2
53,621,,3,384,621,,3,0.13802083333333334
80,622,,3,666,622,,3,0.12012012012012012
94,623,,3,765,623,,3,0.12287581699346405
49,624,,3,508,624,,3,9.6456692913385822E-2
27,631,,3,305,631,,3,8.8524590163934422E-2
93,632,,3,897,632,,3,0.10367892976588629
23,633,,3,206,633,,3,0.11165048543689321
39,634,,3,361,634,,3,0.10803324099722991
48,711,,3,341,711,,3,0.14076246334310852
59,712,,3,329,712,,3,0.17933130699088146
39,713,,3,252,713,,3,0.15476190476190477
31,714,,3,224,714,,3,0.13839285714285715
12,715,,3,188,715,,3,6.3829787234042548E-2
14,722,,3,244,722,,3,0.05737704918032787
31,723,,3,271,723,,3,0.11439114391143912
24,724,,3,236,724,,3,0.10169491525423729
33,725,,3,387,725,,3,8.5271317829457363E-2
25,726,,3,196,726,,3,0.12755102040816327
45,731,,3,309,731,,3,0.14563106796116504
15,732,,3,140,732,,3,0.10714285714285714
49,733,,3,254,733,,3,0.19291338582677164
30,734,,3,230,734,,3,0.13043478260869565
56,735,,3,421,735,,3,0.1330166270783848
113,811,,3,823,811,,3,0.13730255164034022
37,812,,3,359,812,,3,0.10306406685236769
167,813,,3,1479,813,,3,0.11291413116970926
52,814,,3,592,814,,3,8.7837837837837843E-2
160,815,,3,1356,815,,3,0.11799410029498525
132,821,,3,873,821,,3,0.15120274914089346
138,822,,3,955,822,,3,0.14450261780104712
103,823,,3,755,823,,3,0.13642384105960265
64,824,,3,582,824,,3,0.10996563573883161
36,825,,3,377,825,,3,9.5490716180371346E-2
48,831,,3,488,831,,3,9.8360655737704916E-2
55,832,,3,500,832,,3,0.11
202,833,,3,1251,833,,3,0.16147082334132695
131,834,,3,999,834,,3,0.13113113113113112
98,835,,3,818,835,,3,0.11980440097799511
72,911,,3,571,911,,3,0.12609457092819615
68,912,,3,610,912,,3,0.11147540983606558
43,913,,3,344,913,,3,0.125
58,914,,3,656,914,,3,8.8414634146341459E-2
44,915,,3,501,915,,3,8.7824351297405193E-2
58,921,,3,392,921,,3,0.14795918367346939
68,922,,3,549,922,,3,0.12386156648451731
83,923,,3,507,923,,3,0.16370808678500987
61,924,,3,466,924,,3,0.13090128755364808
23,925,,3,276,925,,3,8.3333333333333329E-2
28,931,,3,225,931,,3,0.12444444444444444
29,932,,3,162,932,,3,0.17901234567901234
18,933,,3,164,933,,3,0.10975609756097561
14,934,,3,156,934,,3,8.9743589743589744E-2
39,935,,3,288,935,,3,0.13541666666666666
50,1011,,3,338,1011,,3,0.14792899408284024
42,1012,,3,287,1012,,3,0.14634146341463414
93,1013,,3,584,1013,,3,0.15924657534246575
41,1014,,3,289,1014,,3,0.14186851211072665
21,1021,,3,177,1021,,3,0.11864406779661017
54,1022,,3,495,1022,,3,0.10909090909090909
45,1023,,3,498,1023,,3,0.09036144578313253
52,1024,,3,286,1024,,3,0.18181818181818182
78,1031,,3,614,1031,,3,0.12703583061889251
48,1032,,3,298,1032,,3,0.16107382550335569
73,1033,,3,512,1033,,3,0.142578125
82,1034,,3,777,1034,,3,0.10553410553410554
57,1111,,3,523,1111,,3,0.10898661567877629
37,1112,,3,382,1112,,3,9.6858638743455502E-2
68,1113,,3,541,1113,,3,0.1256931608133087
22,1114,,3,225,1114,,3,9.7777777777777783E-2
27,1115,,3,282,1115,,3,9.5744680851063829E-2
37,1121,,3,420,1121,,3,8.8095238095238101E-2
60,1122,,3,528,1122,,3,0.11363636363636363
39,1123,,3,320,1123,,3,0.121875
25,1124,,3,202,1124,,3,0.12376237623762376
6,1125,,3,130,1125,,3,4.6153846153846156E-2
53,1131,,3,504,1131,,3,0.10515873015873016
45,1132,,3,381,1132,,3,0.11811023622047244
60,1133,,3,496,1133,,3,0.12096774193548387
55,1134,,3,389,1134,,3,0.14138817480719795
25,1135,,3,357,1135,,3,7.0028011204481794E-2
25,1211,,3,250,1211,,3,0.10000000000000001
16,1212,,3,275,1212,,3,5.8181818181818182E-2
38,1213,,3,549,1213,,3,6.9216757741347903E-2
63,1214,,3,1063,1214,,3,5.9266227657572904E-2
42,1215,,3,562,1215,,3,7.4733096085409248E-2
27,1221,,3,471,1221,,3,5.7324840764331211E-2
30,1222,,3,394,1222,,3,7.6142131979695438E-2
41,1223,,3,440,1223,,3,9.3181818181818185E-2
37,1224,,3,716,1224,,3,5.1675977653631286E-2
36,1225,,3,532,1225,,3,6.7669172932330823E-2
61,1231,,3,906,1231,,3,6.7328918322295803E-2
81,1232,,3,1022,1232,,3,7.9256360078277882E-2
63,1233,,3,604,1233,,3,0.10430463576158941
42,1234,,3,479,1234,,3,8.7682672233820466E-2
56,1235,,3,639,1235,,3,8.7636932707355245E-2
55,1411,,3,617,1411,,3,8.9141004862236625E-2
34,1412,,3,466,1412,,3,7.2961373390557943E-2
29,1413,,3,294,1413,,3,9.8639455782312924E-2
34,1414,,3,468,1414,,3,7.2649572649572655E-2
35,1421,,3,296,1421,,3,0.11824324324324324
28,1422,,3,291,1422,,3,9.6219931271477668E-2
30,1423,,3,301,1423,,3,9.9667774086378738E-2
25,1424,,3,451,1424,,3,0.05543237250554324
31,1431,,3,391,1431,,3,7.9283887468030695E-2
53,1432,,3,849,1432,,3,6.2426383981154299E-2
54,1433,,3,757,1433,,3,7.1334214002642005E-2
30,1434,,3,538,1434,,3,5.5762081784386616E-2
27,1511,,3,340,1511,,3,7.9411764705882348E-2
37,1512,,3,380,1512,,3,9.7368421052631576E-2
56,1513,,3,544,1513,,3,0.10294117647058823
85,1522,,3,636,1522,,3,0.13364779874213836
32,1523,,3,287,1523,,3,0.11149825783972125
31,1524,,3,364,1524,,3,8.5164835164835168E-2
42,1531,,3,396,1531,,3,0.10606060606060606
48,1532,,3,415,1532,,3,0.11566265060240964
73,1533,,3,762,1533,,3,9.5800524934383208E-2
34,1611,,3,462,1611,,3,7.3593073593073599E-2
58,1612,,3,358,1612,,3,0.16201117318435754
56,1613,,3,376,1613,,3,0.14893617021276595
46,1614,,3,414,1614,,3,0.1111111111111111
60,1621,,3,559,1621,,3,0.1073345259391771
97,1622,,3,804,1622,,3,0.12064676616915423
72,1623,,3,870,1623,,3,8.2758620689655171E-2
56,1624,,3,502,1624,,3,0.11155378486055777
77,1631,,3,515,1631,,3,0.14951456310679612
79,1632,,3,546,1632,,3,0.1446886446886447
62,1633,,3,538,1633,,3,0.11524163568773234
42,1634,,3,417,1634,,3,0.10071942446043165
1,1651,,3,112,1651,,3,8.9285714285714281E-3
1,1652,,3,12,1652,,3,8.3333333333333329E-2
1,1653,,3,30,1653,,3,3.3333333333333333E-2
6,1654,,3,70,1654,,3,8.5714285714285715E-2
,,,,5,1655,,3,
84,1711,,3,784,1711,,3,0.10714285714285714
121,1712,,3,802,1712,,3,0.15087281795511223
33,1713,,3,337,1713,,3,9.7922848664688422E-2
82,1722,,3,728,1722,,3,0.11263736263736264
69,1723,,3,594,1723,,3,0.11616161616161616
36,1724,,3,443,1724,,3,8.1264108352144468E-2
67,1731,,3,695,1731,,3,9.6402877697841727E-2
74,1732,,3,767,1732,,3,0.09647979139504563
90,1733,,3,866,1733,,3,0.10392609699769054
43,1811,,3,477,1811,,3,9.0146750524109018E-2
22,1812,,3,312,1812,,3,7.0512820512820512E-2
17,1813,,3,265,1813,,3,6.4150943396226415E-2
56,1814,,3,937,1814,,3,5.9765208110992528E-2
31,1821,,3,512,1821,,3,0.060546875
36,1822,,3,641,1822,,3,5.6162246489859596E-2
14,1823,,3,300,1823,,3,4.6666666666666669E-2
38,1824,,3,889,1824,,3,4.2744656917885267E-2
83,1831,,3,1670,1831,,3,4.9700598802395211E-2
38,1832,,3,817,1832,,3,4.6511627906976744E-2
74,1833,,3,1183,1833,,3,6.2552831783601021E-2
137,1834,,3,2544,1834,,3,5.3852201257861637E-2
52,1911,,3,625,1911,,3,8.3199999999999996E-2
33,1912,,3,477,1912,,3,6.9182389937106917E-2
6,1913,,3,190,1913,,3,3.1578947368421054E-2
31,1914,,3,401,1914,,3,7.7306733167082295E-2
30,1915,,3,373,1915,,3,8.0428954423592491E-2
71,1921,,3,541,1921,,3,0.13123844731977818
33,1922,,3,593,1922,,3,5.5649241146711638E-2
12,1923,,3,373,1923,,3,3.2171581769436998E-2
24,1924,,3,438,1924,,3,5.4794520547945202E-2
39,1925,,3,775,1925,,3,5.0322580645161291E-2
44,1931,,3,572,1931,,3,7.6923076923076927E-2
31,1932,,3,417,1932,,3,7.4340527577937646E-2
15,1933,,3,296,1933,,3,5.0675675675675678E-2
28,1934,,3,517,1934,,3,5.4158607350096713E-2
38,1935,,3,671,1935,,3,0.05663189269746647
42,2011,,3,695,2011,,3,6.0431654676258995E-2
29,2012,,3,564,2012,,3,5.1418439716312055E-2
39,2013,,3,416,2013,,3,0.09375
34,2022,,3,445,2022,,3,7.6404494382022473E-2
20,2023,,3,228,2023,,3,0.08771929824561403
17,2024,,3,233,2024,,3,7.2961373390557943E-2
23,2031,,3,333,2031,,3,6.9069069069069067E-2
27,2032,,3,292,2032,,3,9.2465753424657529E-2
15,2033,,3,235,2033,,3,6.3829787234042548E-2
135,2211,,3,695,2211,,3,0.19424460431654678
102,2212,,3,654,2212,,3,0.15596330275229359
66,2213,,3,525,2213,,3,0.12571428571428572
56,2221,,3,502,2221,,3,0.11155378486055777
34,2222,,3,251,2222,,3,0.13545816733067728
78,2223,,3,587,2223,,3,0.13287904599659284
49,2232,,3,447,2232,,3,0.10961968680089486
32,2233,,3,263,2233,,3,0.12167300380228137
39,2234,,3,442,2234,,3,8.8235294117647065E-2
103,2411,,3,822,2411,,3,0.12530413625304138
76,2412,,3,630,2412,,3,0.12063492063492064
93,2413,,3,1009,2413,,3,9.2170465807730431E-2
6,2422,,3,229,2422,,3,2.6200873362445413E-2
25,2423,,3,271,2423,,3,9.2250922509225092E-2
36,2424,,3,347,2424,,3,0.1037463976945245
14,2431,,3,160,2431,,3,8.7499999999999994E-2
76,2432,,3,587,2432,,3,0.12947189097103917
57,2433,,3,633,2433,,3,0.09004739336492891
47,2511,,3,503,2511,,3,9.3439363817097415E-2
112,2512,,3,877,2512,,3,0.12770809578107184
23,2513,,3,319,2513,,3,7.2100313479623826E-2
44,2514,,3,522,2514,,3,8.4291187739463605E-2
74,2515,,3,672,2515,,3,0.11011904761904762
102,2521,,3,695,2521,,3,0.14676258992805755
56,2522,,3,444,2522,,3,0.12612612612612611
40,2523,,3,446,2523,,3,8.9686098654708515E-2
42,2524,,3,439,2524,,3,9.5671981776765377E-2
17,2525,,3,252,2525,,3,6.7460317460317457E-2
39,2531,,3,356,2531,,3,0.10955056179775281
30,2532,,3,307,2532,,3,9.7719869706840393E-2
67,2533,,3,859,2533,,3,7.7997671711292196E-2
61,2534,,3,542,2534,,3,0.11254612546125461
46,2535,,3,372,2535,,3,0.12365591397849462
44,111,,4,1109,111,,4,3.9675383228133451E-2
35,112,,4,861,112,,4,0.04065040650406504
26,113,,4,479,113,,4,5.4279749478079335E-2
116,114,,4,1929,114,,4,6.0134784862623122E-2
41,121,,4,1168,121,,4,3.5102739726027399E-2
77,122,,4,2043,122,,4,0.03768967205090553
68,123,,4,1175,123,,4,5.7872340425531917E-2
75,124,,4,1094,124,,4,6.8555758683729429E-2
58,131,,4,1026,131,,4,5.6530214424951264E-2
72,132,,4,1035,132,,4,6.9565217391304349E-2
22,133,,4,343,133,,4,6.4139941690962099E-2
49,211,,4,409,211,,4,0.11980440097799511
31,212,,4,324,212,,4,9.5679012345679007E-2
53,213,,4,432,213,,4,0.12268518518518519
12,214,,4,213,214,,4,5.6338028169014086E-2
31,215,,4,343,215,,4,9.0379008746355682E-2
8,221,,4,184,221,,4,4.3478260869565216E-2
56,222,,4,495,222,,4,0.11313131313131314
19,223,,4,243,223,,4,7.8189300411522639E-2
52,224,,4,359,224,,4,0.14484679665738162
52,225,,4,513,225,,4,0.10136452241715399
15,231,,4,178,231,,4,8.4269662921348312E-2
21,232,,4,151,232,,4,0.13907284768211919
31,233,,4,364,233,,4,8.5164835164835168E-2
31,234,,4,508,234,,4,6.1023622047244097E-2
24,235,,4,414,235,,4,5.7971014492753624E-2
24,311,,4,233,311,,4,0.10300429184549356
47,312,,4,605,312,,4,0.07768595041322314
32,313,,4,250,313,,4,0.128
49,314,,4,248,314,,4,0.19758064516129031
66,321,,4,585,321,,4,0.11282051282051282
59,322,,4,570,322,,4,0.10350877192982456
85,323,,4,713,323,,4,0.11921458625525946
75,324,,4,490,324,,4,0.15306122448979592
131,331,,4,1220,331,,4,0.10737704918032787
41,332,,4,535,332,,4,7.6635514018691592E-2
32,333,,4,321,333,,4,9.9688473520249218E-2
36,334,,4,410,334,,4,8.7804878048780483E-2
79,411,,4,880,411,,4,8.9772727272727268E-2
93,412,,4,843,412,,4,0.1103202846975089
78,413,,4,719,413,,4,0.10848400556328233
42,414,,4,546,414,,4,7.6923076923076927E-2
16,421,,4,274,421,,4,5.8394160583941604E-2
9,422,,4,127,422,,4,7.0866141732283464E-2
46,423,,4,443,423,,4,0.10383747178329571
19,424,,4,232,424,,4,8.1896551724137928E-2
59,431,,4,543,431,,4,0.10865561694290976
68,432,,4,572,432,,4,0.11888111888111888
47,433,,4,324,433,,4,0.14506172839506173
65,434,,4,404,434,,4,0.1608910891089109
84,511,,4,890,511,,4,9.4382022471910118E-2
49,512,,4,366,512,,4,0.13387978142076504
37,513,,4,366,513,,4,0.10109289617486339
13,522,,4,186,522,,4,6.9892473118279563E-2
46,523,,4,369,523,,4,0.12466124661246612
53,524,,4,366,524,,4,0.1448087431693989
41,531,,4,279,531,,4,0.14695340501792115
20,532,,4,377,532,,4,5.3050397877984087E-2
29,533,,4,204,533,,4,0.14215686274509803
39,611,,4,384,611,,4,0.1015625
62,612,,4,502,612,,4,0.12350597609561753
40,613,,4,331,613,,4,0.12084592145015106
62,614,,4,411,614,,4,0.15085158150851583
42,621,,4,602,621,,4,6.9767441860465115E-2
73,622,,4,897,622,,4,8.1382385730211823E-2
80,623,,4,963,623,,4,8.3073727933541022E-2
52,624,,4,641,624,,4,8.1123244929797195E-2
13,631,,4,353,631,,4,3.6827195467422094E-2
86,632,,4,982,632,,4,8.7576374745417518E-2
18,633,,4,221,633,,4,8.1447963800904979E-2
34,634,,4,443,634,,4,7.6749435665914217E-2
45,711,,4,421,711,,4,0.10688836104513064
24,712,,4,260,712,,4,9.2307692307692313E-2
37,713,,4,284,713,,4,0.13028169014084506
50,714,,4,271,714,,4,0.18450184501845018
23,715,,4,211,715,,4,0.10900473933649289
42,722,,4,362,722,,4,0.11602209944751381
33,723,,4,338,723,,4,9.7633136094674555E-2
34,724,,4,216,724,,4,0.15740740740740741
77,725,,4,342,725,,4,0.22514619883040934
20,726,,4,194,726,,4,0.10309278350515463
38,731,,4,387,731,,4,9.8191214470284241E-2
29,732,,4,233,732,,4,0.12446351931330472
49,733,,4,298,733,,4,0.16442953020134229
36,734,,4,254,734,,4,0.14173228346456693
69,735,,4,412,735,,4,0.16747572815533981
111,811,,4,999,811,,4,0.1111111111111111
55,812,,4,446,812,,4,0.12331838565022421
199,813,,4,1748,813,,4,0.11384439359267734
82,814,,4,877,814,,4,0.09350057012542759
170,815,,4,1624,815,,4,0.10467980295566502
97,821,,4,955,821,,4,0.10157068062827225
134,822,,4,981,822,,4,0.1365953109072375
118,823,,4,919,823,,4,0.12840043525571274
102,824,,4,653,824,,4,0.15620214395099541
45,825,,4,439,825,,4,0.10250569476082004
69,831,,4,538,831,,4,0.12825278810408922
41,832,,4,547,832,,4,7.4954296160877509E-2
198,833,,4,1331,833,,4,0.1487603305785124
133,834,,4,1254,834,,4,0.10606060606060606
92,835,,4,868,835,,4,0.10599078341013825
100,911,,4,889,911,,4,0.1124859392575928
114,912,,4,993,912,,4,0.11480362537764351
56,913,,4,426,913,,4,0.13145539906103287
65,914,,4,810,914,,4,8.0246913580246909E-2
53,915,,4,486,915,,4,0.10905349794238683
70,921,,4,500,921,,4,0.14000000000000001
109,922,,4,793,922,,4,0.13745271122320302
97,923,,4,635,923,,4,0.15275590551181104
62,924,,4,626,924,,4,9.9041533546325874E-2
49,925,,4,382,925,,4,0.12827225130890052
44,931,,4,361,931,,4,0.12188365650969529
25,932,,4,242,932,,4,0.10330578512396695
14,933,,4,188,933,,4,7.4468085106382975E-2
11,934,,4,167,934,,4,6.5868263473053898E-2
31,935,,4,291,935,,4,0.10652920962199312
53,1011,,4,366,1011,,4,0.1448087431693989
30,1012,,4,332,1012,,4,0.09036144578313253
87,1013,,4,679,1013,,4,0.12812960235640647
37,1014,,4,305,1014,,4,0.12131147540983607
30,1021,,4,219,1021,,4,0.13698630136986301
56,1022,,4,507,1022,,4,0.11045364891518737
41,1023,,4,589,1023,,4,6.9609507640067916E-2
32,1024,,4,313,1024,,4,0.10223642172523961
96,1031,,4,770,1031,,4,0.12467532467532468
49,1032,,4,359,1032,,4,0.13649025069637882
72,1033,,4,586,1033,,4,0.12286689419795221
90,1034,,4,896,1034,,4,0.10044642857142858
45,1111,,4,578,1111,,4,7.7854671280276816E-2
52,1112,,4,488,1112,,4,0.10655737704918032
62,1113,,4,565,1113,,4,0.10973451327433628
21,1114,,4,241,1114,,4,8.7136929460580909E-2
36,1115,,4,301,1115,,4,0.11960132890365449
36,1121,,4,476,1121,,4,7.5630252100840331E-2
79,1122,,4,680,1122,,4,0.1161764705882353
66,1123,,4,400,1123,,4,0.16500000000000001
25,1124,,4,273,1124,,4,9.1575091575091569E-2
12,1125,,4,175,1125,,4,6.8571428571428575E-2
51,1131,,4,581,1131,,4,8.7779690189328741E-2
49,1132,,4,378,1132,,4,0.12962962962962962
54,1133,,4,628,1133,,4,0.08598726114649681
29,1134,,4,364,1134,,4,7.9670329670329665E-2
27,1135,,4,379,1135,,4,7.1240105540897103E-2
29,1211,,4,337,1211,,4,8.6053412462908013E-2
27,1212,,4,450,1212,,4,5.9999999999999998E-2
46,1213,,4,692,1213,,4,6.6473988439306353E-2
51,1214,,4,1145,1214,,4,4.4541484716157202E-2
48,1215,,4,720,1215,,4,6.6666666666666666E-2
45,1221,,4,646,1221,,4,6.9659442724458204E-2
47,1222,,4,522,1222,,4,9.0038314176245207E-2
53,1223,,4,612,1223,,4,8.6601307189542481E-2
41,1224,,4,1092,1224,,4,3.7545787545787544E-2
62,1225,,4,740,1225,,4,8.3783783783783788E-2
78,1231,,4,1167,1231,,4,6.6838046272493568E-2
118,1232,,4,1360,1232,,4,8.6764705882352938E-2
90,1233,,4,746,1233,,4,0.12064343163538874
50,1234,,4,638,1234,,4,7.8369905956112859E-2
81,1235,,4,858,1235,,4,9.4405594405594401E-2
73,1411,,4,738,1411,,4,9.8915989159891596E-2
45,1412,,4,494,1412,,4,9.1093117408906882E-2
20,1413,,4,297,1413,,4,6.7340067340067339E-2
47,1414,,4,499,1414,,4,9.4188376753507011E-2
16,1421,,4,327,1421,,4,4.8929663608562692E-2
26,1422,,4,298,1422,,4,8.7248322147651006E-2
39,1423,,4,360,1423,,4,0.10833333333333334
34,1424,,4,547,1424,,4,6.2157221206581355E-2
25,1431,,4,435,1431,,4,5.7471264367816091E-2
58,1432,,4,974,1432,,4,5.9548254620123205E-2
66,1433,,4,832,1433,,4,7.9326923076923073E-2
43,1434,,4,661,1434,,4,6.5052950075642962E-2
22,1511,,4,375,1511,,4,5.8666666666666666E-2
31,1512,,4,318,1512,,4,9.7484276729559755E-2
66,1513,,4,593,1513,,4,0.11129848229342328
70,1522,,4,694,1522,,4,0.10086455331412104
23,1523,,4,340,1523,,4,6.7647058823529407E-2
37,1524,,4,336,1524,,4,0.11011904761904762
36,1531,,4,384,1531,,4,0.09375
32,1532,,4,401,1532,,4,7.9800498753117205E-2
75,1533,,4,806,1533,,4,9.3052109181141443E-2
76,1611,,4,796,1611,,4,9.5477386934673364E-2
77,1612,,4,581,1612,,4,0.13253012048192772
49,1613,,4,454,1613,,4,0.10792951541850221
61,1614,,4,593,1614,,4,0.10286677908937605
65,1621,,4,743,1621,,4,0.08748317631224764
126,1622,,4,1122,1622,,4,0.11229946524064172
90,1623,,4,1113,1623,,4,8.0862533692722366E-2
105,1624,,4,689,1624,,4,0.15239477503628446
88,1631,,4,704,1631,,4,0.125
86,1632,,4,756,1632,,4,0.11375661375661375
110,1633,,4,725,1633,,4,0.15172413793103448
50,1634,,4,543,1634,,4,9.2081031307550645E-2
3,1651,,4,217,1651,,4,1.3824884792626729E-2
,,,,5,1652,,4,
1,1653,,4,16,1653,,4,0.0625
4,1654,,4,140,1654,,4,2.8571428571428571E-2
2,1655,,4,10,1655,,4,0.20000000000000001
96,1711,,4,897,1711,,4,0.10702341137123746
84,1712,,4,887,1712,,4,9.4701240135287482E-2
38,1713,,4,373,1713,,4,0.10187667560321716
77,1722,,4,767,1722,,4,0.10039113428943937
80,1723,,4,718,1723,,4,0.11142061281337047
43,1724,,4,470,1724,,4,9.1489361702127653E-2
89,1731,,4,781,1731,,4,0.11395646606914213
72,1732,,4,837,1732,,4,8.6021505376344093E-2
74,1733,,4,915,1733,,4,8.0874316939890709E-2
39,1811,,4,664,1811,,4,5.8734939759036146E-2
13,1812,,4,342,1812,,4,3.8011695906432746E-2
28,1813,,4,381,1813,,4,7.3490813648293962E-2
60,1814,,4,1005,1814,,4,5.9701492537313432E-2
25,1821,,4,568,1821,,4,0.04401408450704225
45,1822,,4,880,1822,,4,0.05113636363636364
20,1823,,4,349,1823,,4,0.05730659025787966
56,1824,,4,1108,1824,,4,5.0541516245487361E-2
88,1831,,4,2101,1831,,4,4.1884816753926704E-2
48,1832,,4,1159,1832,,4,4.1415012942191541E-2
81,1833,,4,1575,1833,,4,5.1428571428571428E-2
126,1834,,4,2642,1834,,4,4.7691143073429219E-2
51,1911,,4,666,1911,,4,7.6576576576576572E-2
61,1912,,4,646,1912,,4,9.4427244582043338E-2
23,1913,,4,229,1913,,4,0.10043668122270742
22,1914,,4,354,1914,,4,6.2146892655367235E-2
31,1915,,4,404,1915,,4,7.6732673267326731E-2
72,1921,,4,704,1921,,4,0.10227272727272728
46,1922,,4,705,1922,,4,6.5248226950354607E-2
28,1923,,4,403,1923,,4,6.9478908188585611E-2
22,1924,,4,414,1924,,4,5.3140096618357488E-2
37,1925,,4,818,1925,,4,4.5232273838630807E-2
40,1931,,4,696,1931,,4,5.7471264367816091E-2
35,1932,,4,510,1932,,4,6.8627450980392163E-2
15,1933,,4,358,1933,,4,0.04189944134078212
23,1934,,4,618,1934,,4,3.7216828478964403E-2
34,1935,,4,722,1935,,4,4.7091412742382273E-2
86,2011,,4,986,2011,,4,8.7221095334685597E-2
61,2012,,4,684,2012,,4,8.9181286549707597E-2
42,2013,,4,671,2013,,4,0.06259314456035768
38,2022,,4,472,2022,,4,0.08050847457627118
11,2023,,4,234,2023,,4,4.7008547008547008E-2
19,2024,,4,263,2024,,4,7.2243346007604556E-2
27,2031,,4,415,2031,,4,6.5060240963855417E-2
19,2032,,4,310,2032,,4,6.1290322580645158E-2
18,2033,,4,272,2033,,4,6.6176470588235295E-2
163,2211,,4,897,2211,,4,0.18171683389074694
99,2212,,4,835,2212,,4,0.118562874251497
68,2213,,4,664,2213,,4,0.10240963855421686
67,2221,,4,672,2221,,4,9.9702380952380959E-2
36,2222,,4,387,2222,,4,9.3023255813953487E-2
77,2223,,4,649,2223,,4,0.11864406779661017
37,2232,,4,476,2232,,4,7.7731092436974791E-2
34,2233,,4,306,2233,,4,0.1111111111111111
46,2234,,4,540,2234,,4,8.5185185185185183E-2
122,2411,,4,1046,2411,,4,0.11663479923518165
68,2412,,4,746,2412,,4,9.1152815013404831E-2
140,2413,,4,1276,2413,,4,0.109717868338558
27,2422,,4,288,2422,,4,0.09375
25,2423,,4,262,2423,,4,9.5419847328244281E-2
26,2424,,4,472,2424,,4,5.5084745762711863E-2
16,2431,,4,210,2431,,4,7.6190476190476197E-2
82,2432,,4,716,2432,,4,0.11452513966480447
79,2433,,4,741,2433,,4,0.10661268556005399
72,2511,,4,614,2511,,4,0.11726384364820847
118,2512,,4,1122,2512,,4,0.10516934046345811
47,2513,,4,450,2513,,4,0.10444444444444445
91,2514,,4,704,2514,,4,0.12926136363636365
98,2515,,4,747,2515,,4,0.13119143239625167
120,2521,,4,923,2521,,4,0.13001083423618634
85,2522,,4,598,2522,,4,0.14214046822742474
38,2523,,4,526,2523,,4,7.2243346007604556E-2
45,2524,,4,517,2524,,4,8.7040618955512572E-2
48,2525,,4,337,2525,,4,0.14243323442136499
40,2531,,4,404,2531,,4,9.9009900990099015E-2
43,2532,,4,384,2532,,4,0.11197916666666667
104,2533,,4,1013,2533,,4,0.10266535044422508
86,2534,,4,681,2534,,4,0.12628487518355361
49,2535,,4,574,2535,,4,8.5365853658536592E-2
